# x1, x2, y
1.912366313595952549e+00 3.124400897538332167e+00 0.000000000000000000e+00
-5.384784510254004175e+00 -7.346611022675921809e+00 0.000000000000000000e+00
-4.391082797972813090e+00 -6.190885378459921817e+00 0.000000000000000000e+00
4.912903622863720621e+00 6.296997713561492738e+00 0.000000000000000000e+00
1.489892856432099011e+00 2.662585606128658799e+00 0.000000000000000000e+00
2.731136873828979184e+00 3.322404981817403957e+00 0.000000000000000000e+00
-4.154143207114452174e+00 -5.830516875832345569e+00 0.000000000000000000e+00
3.727924324158330194e+00 5.509448384510880814e+00 0.000000000000000000e+00
-2.247455148876002173e+00 -3.338615586242718258e+00 0.000000000000000000e+00
5.355512133383319551e+00 6.435076355499163014e+00 0.000000000000000000e+00
4.334360276247071653e+00 5.945646849037889758e+00 0.000000000000000000e+00
-5.206539863628013798e+00 -6.818736143133598659e+00 0.000000000000000000e+00
3.292275974073805234e+00 3.943949304033877112e+00 0.000000000000000000e+00
-4.616115531136758321e+00 -6.537413386429295592e+00 0.000000000000000000e+00
5.753870570924310535e+00 7.813909362874817965e+00 0.000000000000000000e+00
-1.150975121635024134e+00 -9.803134697960849131e-01 0.000000000000000000e+00
1.195832230391970619e+00 1.075102023587060751e+00 0.000000000000000000e+00
-4.365288767121514368e+00 -5.041715239775951041e+00 0.000000000000000000e+00
3.759814247819938782e+00 4.729229320383202761e+00 0.000000000000000000e+00
-4.073449280030249753e+00 -5.785092195659485625e+00 0.000000000000000000e+00
-2.571447626937036102e+00 -3.561857355961542293e+00 0.000000000000000000e+00
-8.678265792428834224e-01 -4.228090282950545675e-01 0.000000000000000000e+00
6.127884198532227877e+00 7.230177405400828761e+00 0.000000000000000000e+00
2.907790669375788450e+00 4.150876463904068281e+00 0.000000000000000000e+00
-4.157076504274270334e+00 -4.867808565394656561e+00 0.000000000000000000e+00
-2.534091191119483888e+00 -3.928693056918572513e+00 0.000000000000000000e+00
-5.181971149887730554e+00 -7.321878226383383037e+00 0.000000000000000000e+00
5.766902222638145226e+00 6.789575193405175568e+00 0.000000000000000000e+00
-8.332325355032672576e-01 -7.021369670000177088e-01 0.000000000000000000e+00
-5.162717583789204312e+00 -6.321683818052237669e+00 0.000000000000000000e+00
2.225940619741703763e+00 2.922917499056013835e+00 0.000000000000000000e+00
5.947815828486565870e+00 7.748346039425907605e+00 0.000000000000000000e+00
-1.908520516028814618e-01 3.054685782415395012e-01 0.000000000000000000e+00
3.116093383411332240e+00 3.275790982813163943e+00 0.000000000000000000e+00
5.282535549459944413e+00 6.769399587619958858e+00 0.000000000000000000e+00
4.822746820861002481e-01 8.722909852893709903e-01 0.000000000000000000e+00
4.537587508501996325e+00 5.556554051402967431e+00 0.000000000000000000e+00
-5.143695599892449621e+00 -6.961880825833188347e+00 0.000000000000000000e+00
-5.487401743130079446e+00 -7.114802691431926895e+00 0.000000000000000000e+00
4.412780278012546908e+00 5.496306219173225038e+00 0.000000000000000000e+00
5.478731728327955075e+00 6.572559388718728357e+00 0.000000000000000000e+00
-2.819025929445242884e+00 -4.425038293191611238e+00 0.000000000000000000e+00
1.495888584404220012e+00 2.426801105023303151e+00 0.000000000000000000e+00
2.171746990428656598e+00 2.921659228607146552e+00 0.000000000000000000e+00
8.852900961288026060e-01 8.005311832249585313e-01 0.000000000000000000e+00
-4.123516582664920271e+00 -5.697805420720355229e+00 0.000000000000000000e+00
1.543996546253657343e+00 1.846221022635856190e+00 0.000000000000000000e+00
-4.477288918432319242e+00 -6.068845966018763249e+00 0.000000000000000000e+00
1.099195013806778309e+00 1.529428246111101064e+00 0.000000000000000000e+00
-4.784982619086443734e+00 -6.098520461408981852e+00 0.000000000000000000e+00
2.775066930782672081e+00 3.240549976263632281e+00 0.000000000000000000e+00
6.613061877250092646e-01 6.288614696486956035e-01 0.000000000000000000e+00
-4.843750677335862065e+00 -5.532533789909262367e+00 0.000000000000000000e+00
5.081090660103456891e+00 6.098353781431359977e+00 0.000000000000000000e+00
-2.449791387199768966e+00 -2.411699079586070660e+00 0.000000000000000000e+00
2.641743509898202724e+00 3.314986918643895830e+00 0.000000000000000000e+00
7.245275986787793610e-01 6.797277425481549340e-01 0.000000000000000000e+00
-3.103094447882648876e-01 3.443336324686789296e-01 0.000000000000000000e+00
5.483661006581281860e+00 6.369085244328021922e+00 0.000000000000000000e+00
2.759810273051084284e+00 4.310336230217028941e+00 0.000000000000000000e+00
-4.822622777657136761e-01 -1.381475491221137553e+00 0.000000000000000000e+00
1.884291727162635377e+00 2.390299570541389862e+00 0.000000000000000000e+00
2.200453146325303866e+00 3.129615305533500536e+00 0.000000000000000000e+00
4.243974484142513659e-01 8.868781152733626882e-01 0.000000000000000000e+00
1.147321289434000802e+00 1.517367330738986331e+00 0.000000000000000000e+00
2.452659401416492635e+00 3.357141527136318082e+00 0.000000000000000000e+00
-3.924687550925505253e+00 -5.625958334173798647e+00 0.000000000000000000e+00
2.310094972980437866e+00 2.465156725025945406e+00 0.000000000000000000e+00
3.454142063093682324e+00 4.778713173016984506e+00 0.000000000000000000e+00
-4.108137705821357955e+00 -5.266650441313504238e+00 0.000000000000000000e+00
1.261428843671840605e+00 1.667624293091366505e+00 0.000000000000000000e+00
-6.018851092322027974e+00 -7.120660434881529000e+00 0.000000000000000000e+00
5.643574940991030964e+00 6.942603236362072217e+00 0.000000000000000000e+00
-3.534802836629973743e+00 -4.932930628357444114e+00 0.000000000000000000e+00
3.836929614157533752e+00 4.942994441883238999e+00 0.000000000000000000e+00
3.336300445354281941e+00 3.748684750862929960e+00 0.000000000000000000e+00
-4.024017204288423244e+00 -5.900135241713837075e+00 0.000000000000000000e+00
2.784167774078037283e+00 4.369106361325115095e+00 0.000000000000000000e+00
-4.009932989028528461e+00 -5.598759897921511630e+00 0.000000000000000000e+00
5.876282952943120641e+00 6.824105630119412957e+00 0.000000000000000000e+00
1.278812166418436425e+00 1.712391431480098758e+00 0.000000000000000000e+00
2.552358901231565724e+00 2.800583253734606259e+00 0.000000000000000000e+00
5.713718940460787543e+00 8.117054817955645873e+00 0.000000000000000000e+00
-4.363963449732281674e+00 -6.213036392095800942e+00 0.000000000000000000e+00
4.172650163371685039e+00 5.362624797565731960e+00 0.000000000000000000e+00
-2.948054193300288173e+00 -4.319953836521536417e+00 0.000000000000000000e+00
5.578153412871843742e+00 7.074869917333728608e+00 0.000000000000000000e+00
-5.151721901174133755e+00 -7.084460061269350462e+00 0.000000000000000000e+00
5.140650701680045565e+00 6.903134801830748124e+00 0.000000000000000000e+00
-5.203321551240326137e+00 -6.727794493940177034e+00 0.000000000000000000e+00
-2.930880508255950812e+00 -4.251701558041165008e+00 0.000000000000000000e+00
1.671528804602608442e+00 2.422275688237376379e+00 0.000000000000000000e+00
4.872797542736003074e+00 5.842600957833433917e+00 0.000000000000000000e+00
5.560188233326816665e+00 7.003824557039090237e+00 0.000000000000000000e+00
3.808570561054920756e+00 4.673754131273491375e+00 0.000000000000000000e+00
6.435353439082639682e+00 7.656556739356650709e+00 0.000000000000000000e+00
-3.443621633331114484e+00 -5.233354001232728869e+00 0.000000000000000000e+00
-3.217572227547243813e+00 -4.363799468828493566e+00 0.000000000000000000e+00
-5.910930191575934245e+00 -7.733604568639512067e+00 0.000000000000000000e+00
-4.510643845724726653e+00 -5.651738878697416979e+00 0.000000000000000000e+00
-6.356424786567240748e-01 -1.241946197271085017e+00 1.000000000000000000e+00
1.005843020129125520e+00 9.431339757128709422e+00 1.000000000000000000e+00
8.016092954816086413e-01 2.307870461060639311e+00 1.000000000000000000e+00
4.801952358182666192e-01 1.449231920971315146e+00 1.000000000000000000e+00
-1.252014379063141059e+00 -7.333024570121158270e+00 1.000000000000000000e+00
-8.551693670602986685e-01 -5.005730990872679698e+00 1.000000000000000000e+00
-6.930867689182000912e-01 -1.694405520736577575e+00 1.000000000000000000e+00
-4.662083593780972923e-01 -5.029178498415224574e+00 1.000000000000000000e+00
8.634808079779869860e-01 3.481318234122977362e+00 1.000000000000000000e+00
4.438004292332935474e-01 1.809731453582772431e-01 1.000000000000000000e+00
1.120718149436336741e+00 6.587215630215437656e+00 1.000000000000000000e+00
1.626581389487166129e-01 4.057927684573829907e+00 1.000000000000000000e+00
1.257919377765501112e+00 7.970161203380341952e+00 1.000000000000000000e+00
1.110648094311473155e+00 6.552346691493480257e+00 1.000000000000000000e+00
9.733194123744217663e-01 7.494263925654017555e+00 1.000000000000000000e+00
-1.177820813990368420e-01 -2.522703343588794223e+00 1.000000000000000000e+00
6.351311229926385193e-01 4.968695748930909595e+00 1.000000000000000000e+00
-6.263135712339119587e-01 -2.722375277057230036e+00 1.000000000000000000e+00
-1.543445849287565230e-01 -4.536687260299747670e+00 1.000000000000000000e+00
-1.199621115942443250e+00 -8.116632106827593063e+00 1.000000000000000000e+00
1.544550571095381075e-01 4.462276613340566023e+00 1.000000000000000000e+00
8.412992087198359892e-01 3.511067586646211325e+00 1.000000000000000000e+00
4.706512271417295779e-01 4.855668549761879227e+00 1.000000000000000000e+00
7.387662319348642370e-01 8.581815936276855794e+00 1.000000000000000000e+00
8.081620457822301651e-01 8.645197614103324213e+00 1.000000000000000000e+00
9.616033742118166305e-01 8.697293868390296723e+00 1.000000000000000000e+00
-2.884793764901263380e-01 -3.895313645281763826e+00 1.000000000000000000e+00
-9.946541499929907326e-01 -8.191497763240603192e+00 1.000000000000000000e+00
8.782992351881621085e-01 7.399564265620903747e+00 1.000000000000000000e+00
8.505633469016484760e-01 9.640628835424708498e+00 1.000000000000000000e+00
-7.645957488252828060e-01 -5.041146841778806120e+00 1.000000000000000000e+00
5.680739678688888628e-01 7.667924507857827976e+00 1.000000000000000000e+00
-1.114492880533090036e+00 -8.998301999965308440e+00 1.000000000000000000e+00
5.965895482654572923e-01 3.437332538921456404e+00 1.000000000000000000e+00
-9.207764907301244639e-01 -9.890247936182920085e+00 1.000000000000000000e+00
1.852006502891452855e-01 -1.840064245408811194e+00 1.000000000000000000e+00
-4.974610752665864499e-01 -1.877831959442093357e+00 1.000000000000000000e+00
-4.202713351531547348e-01 -2.119547883186192028e+00 1.000000000000000000e+00
1.632446943825074659e-01 -1.484589832708691493e+00 1.000000000000000000e+00
-1.277559092436406640e-01 2.546831087510467384e+00 1.000000000000000000e+00
-1.196132826723845133e+00 -8.761806107696743950e+00 1.000000000000000000e+00
7.239747906490971996e-01 5.119138940421022355e+00 1.000000000000000000e+00
1.178683159869684527e+00 9.834640304985978077e+00 1.000000000000000000e+00
7.646239399369449963e-01 3.700615592837142920e+00 1.000000000000000000e+00
-9.689705527773917471e-01 -6.731400571554605250e+00 1.000000000000000000e+00
1.275886325277154398e+00 8.497241787243121180e+00 1.000000000000000000e+00
-4.597796577553202590e-01 -6.924032092549338158e-01 1.000000000000000000e+00
8.169887018616395213e-01 8.228595993846607115e+00 1.000000000000000000e+00
1.410354378503696049e+00 9.196859604527054088e+00 1.000000000000000000e+00
1.378526913734086645e-01 -5.323676673382836677e-01 1.000000000000000000e+00
1.169247228748088396e+00 5.238003302392362670e+00 1.000000000000000000e+00
-6.960965887513901329e-01 -3.540756548143451088e+00 1.000000000000000000e+00
1.531773888883898760e+00 8.750872348172917370e+00 1.000000000000000000e+00
2.114182992779903847e-01 1.961344155225727803e+00 1.000000000000000000e+00
-4.911197372306821407e-01 -5.156266387511275973e+00 1.000000000000000000e+00
1.513787674502533154e+00 9.344411551931862903e+00 1.000000000000000000e+00
1.431773331020866680e+00 7.235079788054585848e+00 1.000000000000000000e+00
-9.780689816945323800e-01 -8.169701805614351997e+00 1.000000000000000000e+00
-8.077201262378748137e-01 -4.373838943545480973e+00 1.000000000000000000e+00
-6.160249597491063156e-01 -1.925781388727614507e+00 1.000000000000000000e+00
-5.020721271185282220e-01 -2.576828459033223773e+00 1.000000000000000000e+00
-8.423168993435616869e-01 -3.147474986811897857e+00 1.000000000000000000e+00
6.326217503337130954e-02 -1.363753613104949913e+00 1.000000000000000000e+00
1.390013511266348978e+00 8.060819244377826820e+00 1.000000000000000000e+00
9.414855076787687072e-01 4.558794498180333221e+00 1.000000000000000000e+00
9.376876222286649742e-01 9.034664883882729924e+00 1.000000000000000000e+00
6.353694666167115646e-01 7.061958794320550403e+00 1.000000000000000000e+00
-1.815551350035983780e-01 2.003936427101019824e+00 1.000000000000000000e+00
1.995880541014006249e-01 5.508748385182563601e-01 1.000000000000000000e+00
-8.634978878789629775e-01 -9.647752477581921227e+00 1.000000000000000000e+00
3.615695967700485181e-01 5.358227109071381777e-01 1.000000000000000000e+00
4.873926972588678019e-01 1.885728583616577414e-01 1.000000000000000000e+00
5.242003095137437452e-01 6.164886465190800635e+00 1.000000000000000000e+00
-9.024338913327275558e-01 -4.951771987484236526e+00 1.000000000000000000e+00
-2.775802083993278990e-01 3.567245336041789949e-01 1.000000000000000000e+00
-7.721852849133997720e-01 -2.960132995403180534e+00 1.000000000000000000e+00
3.564805901143291988e-01 4.428948124579279444e+00 1.000000000000000000e+00
3.130094057257892803e-01 8.183637507002788913e-01 1.000000000000000000e+00
1.045882724243953010e+00 5.946482813764925268e+00 1.000000000000000000e+00
-7.398288973471739416e-02 2.101822971125172579e+00 1.000000000000000000e+00
9.581021310045372275e-01 9.143818818864103193e+00 1.000000000000000000e+00
-1.574793399091837687e+00 -9.208657726538094224e+00 1.000000000000000000e+00
-1.426146347666652270e+00 -8.670513505581508795e+00 1.000000000000000000e+00
-3.277303468725168978e-01 3.797556270845103277e-01 1.000000000000000000e+00
-1.412645092662825341e+00 -7.960128753759355469e+00 1.000000000000000000e+00
-1.194755537561768416e-01 -1.003214268745420412e+00 1.000000000000000000e+00
1.075725874421936012e+00 4.348101414355772576e+00 1.000000000000000000e+00
-1.026754180561893159e+00 -9.699134327928241817e+00 1.000000000000000000e+00
5.735583155465420746e-02 -1.007466420565192200e+00 1.000000000000000000e+00
7.399335061518250711e-01 9.020365481307038635e+00 1.000000000000000000e+00
5.973574202989125892e-01 4.977380175631266113e+00 1.000000000000000000e+00
1.563390212766973653e+00 7.971816916320766389e+00 1.000000000000000000e+00
5.465764223720611659e-01 2.691109484078503922e+00 1.000000000000000000e+00
-1.321408375784880684e+00 -6.630788403500424089e+00 1.000000000000000000e+00
6.319953312318337124e-01 3.497101566033322229e+00 1.000000000000000000e+00
-4.227467312042525460e-01 -6.823680144166099915e+00 1.000000000000000000e+00
1.092840350268228455e+00 8.761504309999931905e+00 1.000000000000000000e+00
1.195190074099758082e+00 9.310149314905439510e+00 1.000000000000000000e+00
-3.267032574872102413e-01 2.042175993667654788e-01 1.000000000000000000e+00
-3.648320174714541064e-01 -2.339494386536616344e-01 1.000000000000000000e+00
4.349284267483207955e+00 -4.594753430943296024e+00 2.000000000000000000e+00
4.793162794838734087e+00 -5.035725524738571934e+00 2.000000000000000000e+00
-6.460961475809810395e+00 6.425150554809947678e+00 2.000000000000000000e+00
3.026693516851290511e+00 -2.776853146899687541e+00 2.000000000000000000e+00
-4.713419055901388433e+00 5.050255909211505134e+00 2.000000000000000000e+00
3.975189390506048692e+00 -4.514847151161029082e+00 2.000000000000000000e+00
5.504987241597914860e+00 -5.404949262336839588e+00 2.000000000000000000e+00
-1.976755928547551555e+00 2.341117573504831739e+00 2.000000000000000000e+00
4.183729897316755597e+00 -4.142841236940545180e+00 2.000000000000000000e+00
6.463807809992172970e+00 -7.206338416328759600e+00 2.000000000000000000e+00
7.461418585800041470e-01 -1.356339131388367480e+00 2.000000000000000000e+00
-2.436243837617651398e+00 3.060302405448030338e+00 2.000000000000000000e+00
4.916066095754975329e+00 -5.650023824241594994e+00 2.000000000000000000e+00
5.336272256236693767e-01 -9.625960185572394190e-01 2.000000000000000000e+00
1.530143213676340874e+00 -1.255880724980878327e+00 2.000000000000000000e+00
-3.238154531549464643e+00 3.120206486173095595e+00 2.000000000000000000e+00
-3.683105993839725922e+00 4.568289188888456032e+00 2.000000000000000000e+00
4.838405671791675466e+00 -5.396431795391551489e+00 2.000000000000000000e+00
8.892671969291691958e-02 -2.462959367876859373e-01 2.000000000000000000e+00
1.799123929167591118e+00 -2.203952526292504377e+00 2.000000000000000000e+00
4.318724695858809248e+00 -3.958340985270972556e+00 2.000000000000000000e+00
1.936867319623871486e+00 -1.962575623310858886e+00 2.000000000000000000e+00
-2.421955907819739906e+00 3.255676286216070636e+00 2.000000000000000000e+00
-6.785875220271687880e+00 7.332832841330838569e+00 2.000000000000000000e+00
4.941230254665613053e+00 -4.967964049507682667e+00 2.000000000000000000e+00
-6.467132880475380041e+00 6.714653734737604296e+00 2.000000000000000000e+00
1.528305978601443904e+00 -1.461085774662387093e+00 2.000000000000000000e+00
-3.331909608548829116e+00 2.992806189503660619e+00 2.000000000000000000e+00
3.396354880339136795e+00 -2.997471038554672340e+00 2.000000000000000000e+00
1.687659441816655503e+00 -1.346321465350483582e+00 2.000000000000000000e+00
2.535284572351860000e+00 -2.023091123021498738e+00 2.000000000000000000e+00
-2.274916071882396640e+00 2.137976576089144931e+00 2.000000000000000000e+00
-3.916935442743836315e+00 4.303700574997423978e+00 2.000000000000000000e+00
-1.563771048566218846e+00 1.809535950049530717e+00 2.000000000000000000e+00
-1.335978845297502993e+00 1.206276948961413131e+00 2.000000000000000000e+00
5.279107030554601288e+00 -5.026574300037371934e+00 2.000000000000000000e+00
4.651235776395624022e+00 -5.304905347936187177e+00 2.000000000000000000e+00
2.632742975725855583e+00 -2.132793394221228489e+00 2.000000000000000000e+00
-3.993807166348050330e+00 4.307970048602761004e+00 2.000000000000000000e+00
2.206352726724841062e+00 -2.316059362834085977e+00 2.000000000000000000e+00
3.277675391087857992e+00 -3.354176768781485407e+00 2.000000000000000000e+00
-4.741195217086807467e+00 4.996857219672671491e+00 2.000000000000000000e+00
-5.073694623041948404e+00 5.744052109274846885e+00 2.000000000000000000e+00
-8.789077613718917492e-01 5.706975318253326712e-01 2.000000000000000000e+00
-1.142533705807657674e+00 1.473934403665827286e+00 2.000000000000000000e+00
-3.490264299334405518e+00 3.865782364830164575e+00 2.000000000000000000e+00
-6.238897066920321421e+00 6.487971172835719891e+00 2.000000000000000000e+00
-2.790230855204304916e+00 3.429039217870418543e+00 2.000000000000000000e+00
-1.529413653903049619e+00 2.267842307351938480e+00 2.000000000000000000e+00
3.235598800878455972e+00 -3.451374503240598024e+00 2.000000000000000000e+00
-1.547089802364924882e+00 2.175239750413857198e+00 2.000000000000000000e+00
-5.610057598035009363e+00 5.439451891523146898e+00 2.000000000000000000e+00
-6.171522114253415126e+00 7.146996117569901052e+00 2.000000000000000000e+00
-6.143186796867601274e+00 6.874213177233436944e+00 2.000000000000000000e+00
-3.135407272271563794e+00 3.388541060882283684e+00 2.000000000000000000e+00
1.784950091250544713e+00 -2.182029366212806298e+00 2.000000000000000000e+00
4.053579776809556279e+00 -4.011204282948864552e+00 2.000000000000000000e+00
-2.567396275813502715e+00 2.095380005628131759e+00 2.000000000000000000e+00
-4.008479865337013948e+00 4.801865702582880147e+00 2.000000000000000000e+00
-5.600734401069789037e+00 6.615195781695874189e+00 2.000000000000000000e+00
1.292644077768830835e+00 -1.344181279141701157e+00 2.000000000000000000e+00
6.409133179898257815e+00 -6.563888246160678008e+00 2.000000000000000000e+00
3.170706001378933880e+00 -2.951583218258514218e+00 2.000000000000000000e+00
-2.772484844808499993e+00 2.927515176763945792e+00 2.000000000000000000e+00
-2.120440427969727981e+00 1.879867989735860778e+00 2.000000000000000000e+00
-5.939472352663427657e+00 6.223946241708366856e+00 2.000000000000000000e+00
4.236636167553892385e+00 -4.229295522979516164e+00 2.000000000000000000e+00
1.378969776057048735e+00 -1.144269041526325914e+00 2.000000000000000000e+00
2.156993561981421781e-01 -2.953987745904450013e-01 2.000000000000000000e+00
-3.903816754200995831e+00 4.272054254188523359e+00 2.000000000000000000e+00
-6.449634768782980032e+00 6.743654033823673011e+00 2.000000000000000000e+00
1.967131212599097845e+00 -2.264628538847782036e+00 2.000000000000000000e+00
-6.019700008251246182e+00 6.095678798128933984e+00 2.000000000000000000e+00
5.195734560937286250e-01 -1.115984452951961359e+00 2.000000000000000000e+00
-6.147698298289510532e+00 6.723851522913495415e+00 2.000000000000000000e+00
-4.102856418698404006e+00 3.989870729148974782e+00 2.000000000000000000e+00
-4.917732864092199674e-01 1.185307091077573149e+00 2.000000000000000000e+00
5.862838465729450554e+00 -6.550338482670128748e+00 2.000000000000000000e+00
2.511129946610906494e+00 -3.210068732376615053e+00 2.000000000000000000e+00
6.739711494953536608e+00 -7.034259525267811064e+00 2.000000000000000000e+00
5.497095503829807939e+00 -6.112746931323618682e+00 2.000000000000000000e+00
2.244082962362905498e+00 -2.417761965313076633e+00 2.000000000000000000e+00
-2.564933303767814365e+00 3.499233669458349905e+00 2.000000000000000000e+00
-3.956442606363621994e+00 4.351467905793849233e+00 2.000000000000000000e+00
-2.640349686426661791e+00 2.564101699519977462e+00 2.000000000000000000e+00
1.941784206510956290e+00 -2.638595058615083477e+00 2.000000000000000000e+00
-4.574722613874510735e+00 4.512063630487012311e+00 2.000000000000000000e+00
-4.712288809616890894e+00 5.593141046644134029e+00 2.000000000000000000e+00
6.155461011154724993e+00 -6.557019150450918765e+00 2.000000000000000000e+00
5.984910913553193268e+00 -5.851687800194045330e+00 2.000000000000000000e+00
6.841364313928155916e+00 -6.814952074489982969e+00 2.000000000000000000e+00
-5.486490743608785081e+00 6.529164082306063044e+00 2.000000000000000000e+00
2.843345366677981545e+00 -2.826619977371396253e+00 2.000000000000000000e+00
1.236529134826284348e+00 -8.057414978223310653e-01 2.000000000000000000e+00
-4.664989311840576747e+00 5.297864052478153951e+00 2.000000000000000000e+00
-3.081320966824921959e-01 3.530563152607930633e-01 2.000000000000000000e+00
-5.319337795474601283e-01 1.485122184811658308e-01 2.000000000000000000e+00
2.867134277769625594e+00 -2.890789422077006954e+00 2.000000000000000000e+00
-4.656702998223440026e+00 5.486996643055951139e+00 2.000000000000000000e+00
4.203479291663819950e+00 -4.503950436790819190e+00 2.000000000000000000e+00
